0.31k
exp
0.2169    0.2397    0.2552    0.2793    0.3105    0.3310    0.3528	e-11
sim
0.2272    0.2390    0.2559    0.2789    0.2991    0.3311    0.3594	e-11

0.5c
exp
0.2112    0.2311    0.2449    0.2595    0.2776    0.2983    0.3068	e-11
sim
0.2220    0.2276    0.2407    0.2583    0.2776    0.2983    0.3206	e-11

0.48k
exp
0.2138    0.2302    0.2448    0.2662    0.2873    0.3090    0.3366	e-11
sim
0.2270    0.2346    0.2480    0.2662    0.2873    0.3091    0.3323	e-11

0.31c
exp
0.2138    0.2302    0.2448    0.2662    0.2873    0.3090    0.3366	e-11
sim
0.2138    0.2258    0.2438    0.2649    0.2889    0.3127    0.3388	e-11

0.32c
exp
0.2159    0.2284    0.2388    0.2567    0.2756    0.3028    0.3218	e-11
sim
0.2167    0.2241    0.2388    0.2567    0.2771    0.2993    0.3218	e-11
